H 0.26023580028073307 20.436016400724924 6.003150448491504
H -0.8838042984252531 20.068993346492313 8.455705325053046
H -0.212915518763081 19.432865012010886 9.768873901397976
H 2.1921198175386793 20.300441855235917 4.555361156024739
H 3.8178885079344274 18.90265316026236 6.442169289763329
H -0.11339431314687935 22.91668941428315 10.026162197267796
H -1.048899926136802 20.360816882562492 10.948713858004743
H -1.481730302020069 21.772324334750685 11.613254050841448
H 2.5732504334376634 24.3297857802573 9.96359770037178
H 2.4487357570966712 15.90281140043594 6.7850050514167854
H 3.9647461415509997 17.61487243076858 1.8612900171318076
H 7.960292783184885 14.366245671487821 1.8758585524719171
H 7.72409871515577 13.626998667070538 3.6993904023840245
C 1.371518448260815 21.95037401692776 8.156485514949285
C 0.4618760150724059 21.27844231858942 9.042558015291869
C 1.2823524227369982 20.157726153708282 6.410011902759701
C 0.029525993237398015 19.96132031436192 8.721776310945033
C 2.5892418698008455 20.226458213803262 5.542559814018786
C 2.9568348899357204 21.36620219381616 6.428582983784149
C -0.144633357409362 21.98902834146505 10.150668582244327
C -1.109736493069068 21.336762911765607 10.94564579050279
C 1.8391126641658926 23.289474995857375 8.497905767473997
C 3.2204796341771456 18.081447835894732 4.5213969039726996
C 3.924005038121255 16.894192242354187 4.583370038796182
C 4.863236709110945 16.402747808891647 3.520918680771641
C 4.7894000986550145 16.909235893499073 2.444375384712559
C 6.521819887457441 15.133772665387863 2.837578558279128
N 5.7036692104967335 15.487444905855298 3.8306375037125395
N 1.782054866314936 21.45472176938095 7.063675754136698
N 3.6102825193984844 15.954768198093499 5.595140743072383
N 3.334044864525346 19.063121921209312 5.5317224228208755
N 7.398534131368098 14.372799180007227 2.7099192565866366
O 4.073150525924693 21.972690031032048 6.523059323389038
O 1.7708060815893405 24.1931243346354 7.6043419137512105
O 2.206818822317977 23.449855967554424 9.7327341127054
O 2.6146122188264793 18.390669570480735 3.4291112497103593
O 2.732611918350546 16.489306782965773 6.539897499646133
S 0.9876517247076314 18.91135314335913 7.528848699890551
S 5.989401893370684 16.13208766838211 1.3980400561304196
